0 0.3671875 0.576388888671875 0.38125 0.566666666015625 0.39375 0.5375 0.39375 0.529166666015625 0.3828125 0.513888888671875 0.37578125 0.516666666015625 0.33125 0.61527777734375 0.33125 0.625 0.33984375 0.6375 0.35 0.6375 0.3671875 0.576388888671875
0 0.33515625 0.604166666015625 0.33828125 0.601388888671875 0.37734375 0.50972222265625 0.38515625 0.479166666015625 0.375 0.46527777734375 0.36796875 0.46527777734375 0.3625 0.473611111328125 0.35625 0.5 0.3359375 0.536111111328125 0.32421875 0.56527777734375 0.32734375 0.579166666015625 0.33671875 0.591666666015625 0.33828125 0.598611111328125 0.33515625 0.604166666015625
0 0.49765625 0.313888888671875 0.48671875 0.30277777734375 0.478125 0.3069444453125 0.4609375 0.395833333984375 0.45546875 0.433333333984375 0.4734375 0.44722222265625 0.4921875 0.37222222265625 0.49765625 0.313888888671875
1 0.3078125 0.5444444453125 0.31015625 0.53472222265625 0.296875 0.425 0.2828125 0.425 0.28046875 0.433333333984375 0.29296875 0.538888888671875 0.29609375 0.54722222265625 0.3078125 0.5444444453125
1 0.325 0.516666666015625 0.35234375 0.438888888671875 0.35546875 0.425 0.35390625 0.416666666015625 0.34609375 0.408333333984375 0.340625 0.411111111328125 0.309375 0.501388888671875 0.30859375 0.5125 0.31171875 0.5194444453125 0.32109375 0.52222222265625 0.325 0.516666666015625
1 0.3609375 0.47222222265625 0.3703125 0.45277777734375 0.365625 0.438888888671875 0.3609375 0.436111111328125 0.35390625 0.445833333984375 0.3203125 0.526388888671875 0.321875 0.538888888671875 0.334375 0.538888888671875 0.35625 0.49722222265625 0.3609375 0.47222222265625
1 0.3875 0.3125 0.3734375 0.308333333984375 0.3578125 0.4055555546875 0.359375 0.426388888671875 0.37265625 0.429166666015625 0.38828125 0.32777777734375 0.3875 0.3125
1 0.40625 0.40972222265625 0.40546875 0.313888888671875 0.40078125 0.3069444453125 0.39296875 0.3069444453125 0.3890625 0.31527777734375 0.3875 0.42777777734375 0.39765625 0.433333333984375 0.403125 0.429166666015625 0.40625 0.40972222265625
1 0.52265625 0.420833333984375 0.50859375 0.4180555546875 0.5046875 0.4319444453125 0.5015625 0.53472222265625 0.515625 0.54027777734375 0.51875 0.536111111328125 0.52265625 0.420833333984375
4 0.48046875 0.525 0.48125 0.50277777734375 0.4703125 0.491666666015625 0.43828125 0.475 0.41640625 0.45277777734375 0.4109375 0.454166666015625 0.40625 0.4694444453125 0.40546875 0.48472222265625 0.41171875 0.4944444453125 0.4734375 0.5305555546875 0.48046875 0.525
4 0.51796875 0.336111111328125 0.51796875 0.320833333984375 0.5140625 0.313888888671875 0.50078125 0.31527777734375 0.4921875 0.354166666015625 0.49296875 0.37222222265625 0.4875 0.401388888671875 0.4796875 0.426388888671875 0.48046875 0.4444444453125 0.48984375 0.45277777734375 0.49921875 0.45 0.51796875 0.336111111328125
4 0.45390625 0.66527777734375 0.459375 0.66527777734375 0.4640625 0.6569444453125 0.46328125 0.6319444453125 0.4375 0.611111111328125 0.4078125 0.59027777734375 0.396875 0.588888888671875 0.39609375 0.5944444453125 0.38984375 0.598611111328125 0.38984375 0.61527777734375 0.396875 0.623611111328125 0.4421875 0.65277777734375 0.45390625 0.66527777734375
2 0.4828125 0.566666666015625 0.4828125 0.54722222265625 0.47890625 0.53472222265625 0.40390625 0.551388888671875 0.403125 0.57777777734375 0.409375 0.5875 0.47890625 0.573611111328125 0.4828125 0.566666666015625
2 0.44921875 0.723611111328125 0.4578125 0.69722222265625 0.45390625 0.67777777734375 0.4234375 0.6555555546875 0.40390625 0.6305555546875 0.390625 0.629166666015625 0.38203125 0.65 0.38125 0.6625 0.38515625 0.6680555546875 0.44453125 0.720833333984375 0.44921875 0.723611111328125
2 0.47890625 0.48472222265625 0.4828125 0.458333333984375 0.4703125 0.4444444453125 0.4125 0.40972222265625 0.4046875 0.425 0.4046875 0.4430555546875 0.4109375 0.45 0.4734375 0.491666666015625 0.47890625 0.48472222265625
3 0.5125 0.711111111328125 0.51484375 0.7069444453125 0.51484375 0.6819444453125 0.503125 0.583333333984375 0.50078125 0.57777777734375 0.48828125 0.583333333984375 0.4875 0.604166666015625 0.4984375 0.7069444453125 0.50078125 0.7125 0.5125 0.711111111328125
3 0.49765625 0.57777777734375 0.50234375 0.575 0.49765625 0.45972222265625 0.4859375 0.4555555546875 0.48359375 0.461111111328125 0.48203125 0.483333333984375 0.48671875 0.5694444453125 0.490625 0.57777777734375 0.49765625 0.57777777734375
3 0.40234375 0.551388888671875 0.39375 0.54027777734375 0.365625 0.598611111328125 0.36171875 0.608333333984375 0.36328125 0.6125 0.35546875 0.62777777734375 0.3546875 0.6430555546875 0.365625 0.65277777734375 0.39921875 0.570833333984375 0.40234375 0.551388888671875