0 0.425 0.54722222265625 0.421875 0.541666666015625 0.41171875 0.538888888671875 0.40390625 0.5444444453125 0.4 0.595833333984375 0.39765625 0.676388888671875 0.4171875 0.679166666015625 0.4234375 0.633333333984375 0.425 0.54722222265625
0 0.4640625 0.579166666015625 0.47109375 0.57222222265625 0.47109375 0.558333333984375 0.46953125 0.501388888671875 0.46328125 0.445833333984375 0.45859375 0.4375 0.4421875 0.441666666015625 0.43984375 0.4569444453125 0.44609375 0.5569444453125 0.4515625 0.575 0.4640625 0.579166666015625
0 0.5375 0.6625 0.5421875 0.64722222265625 0.50078125 0.541666666015625 0.484375 0.5569444453125 0.48203125 0.575 0.521875 0.666666666015625 0.52734375 0.6694444453125 0.5375 0.6625
4 0.43203125 0.538888888671875 0.4375 0.5305555546875 0.4390625 0.5069444453125 0.434375 0.5 0.42265625 0.5055555546875 0.378125 0.47222222265625 0.36640625 0.47222222265625 0.359375 0.486111111328125 0.359375 0.498611111328125 0.365625 0.508333333984375 0.42578125 0.5375 0.43203125 0.538888888671875
4 0.50859375 0.479166666015625 0.509375 0.4694444453125 0.50234375 0.35 0.49609375 0.34027777734375 0.48671875 0.34027777734375 0.4828125 0.34722222265625 0.48671875 0.475 0.490625 0.483333333984375 0.50546875 0.4819444453125 0.50859375 0.479166666015625
4 0.4421875 0.416666666015625 0.446875 0.408333333984375 0.45078125 0.388888888671875 0.42109375 0.33472222265625 0.39453125 0.301388888671875 0.390625 0.3 0.38203125 0.320833333984375 0.3828125 0.336111111328125 0.42734375 0.404166666015625 0.4375 0.416666666015625 0.4421875 0.416666666015625
2 0.484375 0.5319444453125 0.490625 0.525 0.490625 0.5194444453125 0.48125 0.4 0.47890625 0.3944444453125 0.4609375 0.39722222265625 0.459375 0.411111111328125 0.46953125 0.491666666015625 0.47109375 0.529166666015625 0.484375 0.5319444453125
2 0.54453125 0.53472222265625 0.53671875 0.408333333984375 0.534375 0.40277777734375 0.51484375 0.408333333984375 0.521875 0.52777777734375 0.528125 0.5430555546875 0.53671875 0.5430555546875 0.54453125 0.53472222265625
2 0.43671875 0.695833333984375 0.44140625 0.68472222265625 0.44140625 0.6194444453125 0.446875 0.570833333984375 0.44375 0.5569444453125 0.43046875 0.5555555546875 0.425 0.563888888671875 0.42578125 0.625 0.4203125 0.688888888671875 0.428125 0.695833333984375 0.43671875 0.695833333984375
1 0.3953125 0.62222222265625 0.39765625 0.616666666015625 0.39609375 0.604166666015625 0.36484375 0.51527777734375 0.35234375 0.52222222265625 0.35234375 0.53472222265625 0.38359375 0.625 0.3890625 0.62777777734375 0.3953125 0.62222222265625
1 0.50234375 0.725 0.5046875 0.716666666015625 0.48203125 0.6125 0.475 0.6069444453125 0.46796875 0.61527777734375 0.46875 0.6319444453125 0.4890625 0.726388888671875 0.4921875 0.7305555546875 0.50234375 0.725
1 0.4578125 0.691666666015625 0.4609375 0.58472222265625 0.446875 0.579166666015625 0.44296875 0.6 0.44140625 0.698611111328125 0.446875 0.7055555546875 0.45390625 0.7055555546875 0.4578125 0.691666666015625
1 0.51875 0.676388888671875 0.521875 0.663888888671875 0.4875 0.575 0.48359375 0.570833333984375 0.475 0.579166666015625 0.475 0.591666666015625 0.5078125 0.679166666015625 0.5125 0.683333333984375 0.51875 0.676388888671875
1 0.39140625 0.483333333984375 0.415625 0.49722222265625 0.43125 0.49722222265625 0.4328125 0.4930555546875 0.434375 0.473611111328125 0.4171875 0.45972222265625 0.37421875 0.44027777734375 0.36953125 0.44027777734375 0.36640625 0.44722222265625 0.365625 0.46527777734375 0.36796875 0.4694444453125 0.38359375 0.47222222265625 0.39140625 0.483333333984375
3 0.42109375 0.4569444453125 0.428125 0.4430555546875 0.421875 0.425 0.38515625 0.3555555546875 0.378125 0.3555555546875 0.37421875 0.3625 0.37265625 0.375 0.38125 0.3930555546875 0.4140625 0.4569444453125 0.42109375 0.4569444453125
3 0.540625 0.616666666015625 0.5453125 0.60277777734375 0.5125 0.51527777734375 0.5078125 0.508333333984375 0.4984375 0.5194444453125 0.5 0.5319444453125 0.51328125 0.54722222265625 0.53359375 0.61527777734375 0.540625 0.616666666015625