1 0.48046875 0.6125 0.48359375 0.60277777734375 0.4640625 0.513888888671875 0.4640625 0.50277777734375 0.46015625 0.4930555546875 0.45 0.4944444453125 0.44765625 0.50972222265625 0.4625 0.59027777734375 0.46953125 0.61527777734375 0.48046875 0.6125
1 0.47734375 0.6694444453125 0.47734375 0.65972222265625 0.4703125 0.636111111328125 0.46875 0.613888888671875 0.4578125 0.5625 0.45234375 0.5555555546875 0.44140625 0.563888888671875 0.4421875 0.579166666015625 0.4625 0.673611111328125 0.46875 0.679166666015625 0.47734375 0.6694444453125
1 0.51171875 0.725 0.5140625 0.7194444453125 0.5125 0.70277777734375 0.49609375 0.613888888671875 0.49375 0.6055555546875 0.484375 0.6069444453125 0.4796875 0.6194444453125 0.49765625 0.723611111328125 0.50078125 0.729166666015625 0.51171875 0.725
1 0.4515625 0.6680555546875 0.4578125 0.654166666015625 0.45 0.633333333984375 0.4046875 0.586111111328125 0.4 0.58472222265625 0.39375 0.59722222265625 0.39296875 0.604166666015625 0.39765625 0.613888888671875 0.4453125 0.6680555546875 0.4515625 0.6680555546875
1 0.36640625 0.613888888671875 0.36953125 0.601388888671875 0.36953125 0.5930555546875 0.36484375 0.583333333984375 0.309375 0.5680555546875 0.30078125 0.5694444453125 0.2984375 0.575 0.29765625 0.5930555546875 0.30390625 0.598611111328125 0.3609375 0.613888888671875 0.36640625 0.613888888671875
1 0.4078125 0.4125 0.40859375 0.395833333984375 0.40078125 0.38472222265625 0.34296875 0.423611111328125 0.34140625 0.4430555546875 0.34375 0.45 0.365625 0.4444444453125 0.4078125 0.4125
0 0.5421875 0.741666666015625 0.553125 0.7375 0.56015625 0.7194444453125 0.54765625 0.6930555546875 0.540625 0.663888888671875 0.51875 0.6125 0.50625 0.620833333984375 0.50078125 0.6305555546875 0.5015625 0.638888888671875 0.525 0.701388888671875 0.5421875 0.741666666015625
0 0.53828125 0.633333333984375 0.54296875 0.6319444453125 0.5515625 0.6125 0.5515625 0.60277777734375 0.53984375 0.58472222265625 0.4921875 0.52777777734375 0.48359375 0.536111111328125 0.47890625 0.55277777734375 0.47890625 0.55972222265625 0.515625 0.6 0.52734375 0.62222222265625 0.53828125 0.633333333984375
0 0.359375 0.576388888671875 0.409375 0.498611111328125 0.4125 0.4930555546875 0.41171875 0.48472222265625 0.4015625 0.463888888671875 0.39609375 0.463888888671875 0.384375 0.47777777734375 0.3453125 0.545833333984375 0.34140625 0.5555555546875 0.34765625 0.573611111328125 0.35546875 0.579166666015625 0.359375 0.576388888671875
4 0.3765625 0.4819444453125 0.38359375 0.476388888671875 0.3859375 0.46527777734375 0.38046875 0.438888888671875 0.37578125 0.438888888671875 0.3203125 0.463888888671875 0.3046875 0.476388888671875 0.30546875 0.49722222265625 0.31015625 0.5069444453125 0.31484375 0.5069444453125 0.3765625 0.4819444453125
4 0.49140625 0.523611111328125 0.4953125 0.504166666015625 0.459375 0.4319444453125 0.453125 0.408333333984375 0.4453125 0.4055555546875 0.4390625 0.413888888671875 0.43671875 0.4305555546875 0.471875 0.511111111328125 0.48203125 0.529166666015625 0.49140625 0.523611111328125
4 0.50859375 0.454166666015625 0.51796875 0.4444444453125 0.52109375 0.436111111328125 0.51953125 0.42222222265625 0.50546875 0.404166666015625 0.48046875 0.3375 0.4703125 0.3305555546875 0.46171875 0.34027777734375 0.46328125 0.35972222265625 0.478125 0.386111111328125 0.50390625 0.44722222265625 0.50859375 0.454166666015625
2 0.44609375 0.498611111328125 0.44765625 0.4694444453125 0.4453125 0.46527777734375 0.42734375 0.463888888671875 0.4140625 0.566666666015625 0.4125 0.5930555546875 0.41953125 0.60277777734375 0.43125 0.6 0.44609375 0.498611111328125
2 0.5203125 0.511111111328125 0.52265625 0.49722222265625 0.51953125 0.486111111328125 0.48046875 0.3944444453125 0.4734375 0.39722222265625 0.45859375 0.4180555546875 0.4578125 0.425 0.4765625 0.470833333984375 0.5046875 0.52222222265625 0.5203125 0.511111111328125
2 0.55390625 0.461111111328125 0.55703125 0.438888888671875 0.5125 0.3430555546875 0.50546875 0.3444444453125 0.49296875 0.3625 0.4921875 0.3694444453125 0.5015625 0.395833333984375 0.53984375 0.4680555546875 0.55390625 0.461111111328125
3 0.5765625 0.591666666015625 0.578125 0.579166666015625 0.57578125 0.5694444453125 0.5484375 0.538888888671875 0.53984375 0.52222222265625 0.52578125 0.5069444453125 0.515625 0.52222222265625 0.51640625 0.53472222265625 0.5625 0.5944444453125 0.571875 0.598611111328125 0.5765625 0.591666666015625
3 0.48125 0.326388888671875 0.48359375 0.316666666015625 0.48046875 0.3 0.471875 0.298611111328125 0.41796875 0.3125 0.41328125 0.3194444453125 0.4125 0.3319444453125 0.41796875 0.345833333984375 0.47578125 0.329166666015625 0.48125 0.326388888671875
3 0.4109375 0.386111111328125 0.41640625 0.376388888671875 0.41484375 0.35972222265625 0.40546875 0.3430555546875 0.3703125 0.30277777734375 0.36171875 0.29722222265625 0.35859375 0.304166666015625 0.35625 0.316666666015625 0.3625 0.3305555546875 0.4078125 0.38472222265625 0.4109375 0.386111111328125