0 0.39609375 0.4 0.3921875 0.3694444453125 0.31875 0.383333333984375 0.31484375 0.388888888671875 0.31484375 0.40972222265625 0.31953125 0.42222222265625 0.3921875 0.40972222265625 0.39609375 0.4
0 0.44765625 0.72777777734375 0.44453125 0.60277777734375 0.43515625 0.598611111328125 0.4234375 0.604166666015625 0.42578125 0.733333333984375 0.43359375 0.738888888671875 0.44375 0.736111111328125 0.44765625 0.72777777734375
0 0.47109375 0.675 0.46796875 0.661111111328125 0.465625 0.583333333984375 0.46171875 0.576388888671875 0.45234375 0.576388888671875 0.4453125 0.583333333984375 0.44765625 0.71527777734375 0.46640625 0.7180555546875 0.4703125 0.713888888671875 0.47109375 0.675
4 0.37578125 0.2694444453125 0.3734375 0.241666666015625 0.36953125 0.233333333984375 0.29765625 0.248611111328125 0.29296875 0.2569444453125 0.29296875 0.27222222265625 0.3 0.2875 0.37578125 0.2694444453125
4 0.4453125 0.558333333984375 0.47109375 0.4305555546875 0.46328125 0.4194444453125 0.453125 0.4194444453125 0.44140625 0.4680555546875 0.4328125 0.520833333984375 0.4265625 0.536111111328125 0.4265625 0.548611111328125 0.4453125 0.558333333984375
4 0.52109375 0.438888888671875 0.5171875 0.425 0.5125 0.420833333984375 0.50234375 0.425 0.4765625 0.53472222265625 0.478125 0.54722222265625 0.490625 0.5569444453125 0.49609375 0.554166666015625 0.52109375 0.438888888671875
2 0.509375 0.651388888671875 0.52734375 0.5319444453125 0.52578125 0.520833333984375 0.51328125 0.513888888671875 0.5078125 0.511111111328125 0.503125 0.5194444453125 0.48828125 0.633333333984375 0.48828125 0.6444444453125 0.4984375 0.654166666015625 0.509375 0.651388888671875
2 0.47578125 0.538888888671875 0.50078125 0.420833333984375 0.490625 0.411111111328125 0.47890625 0.411111111328125 0.47265625 0.45972222265625 0.4640625 0.49722222265625 0.4546875 0.50972222265625 0.453125 0.5319444453125 0.45703125 0.538888888671875 0.4640625 0.545833333984375 0.47578125 0.538888888671875
1 0.3078125 0.43472222265625 0.30859375 0.42222222265625 0.271875 0.358333333984375 0.259375 0.3430555546875 0.24921875 0.351388888671875 0.2484375 0.366666666015625 0.28984375 0.43472222265625 0.29765625 0.445833333984375 0.3078125 0.43472222265625
1 0.4671875 0.23472222265625 0.4671875 0.226388888671875 0.4609375 0.211111111328125 0.45625 0.211111111328125 0.403125 0.258333333984375 0.4 0.2680555546875 0.40859375 0.288888888671875 0.46328125 0.24027777734375 0.4671875 0.23472222265625
1 0.38046875 0.595833333984375 0.38359375 0.583333333984375 0.35859375 0.48472222265625 0.35 0.4805555546875 0.3453125 0.486111111328125 0.3421875 0.4944444453125 0.36796875 0.59722222265625 0.37265625 0.601388888671875 0.38046875 0.595833333984375
1 0.4109375 0.5 0.4078125 0.495833333984375 0.39765625 0.495833333984375 0.3953125 0.501388888671875 0.39140625 0.5625 0.38984375 0.61527777734375 0.40390625 0.616666666015625 0.4109375 0.5125 0.4109375 0.5
1 0.428125 0.50277777734375 0.425 0.4930555546875 0.41875 0.491666666015625 0.41171875 0.498611111328125 0.40703125 0.576388888671875 0.40625 0.61527777734375 0.41875 0.616666666015625 0.42265625 0.6 0.428125 0.50277777734375
1 0.4234375 0.7375 0.4234375 0.7125 0.4203125 0.625 0.41484375 0.6180555546875 0.4046875 0.62222222265625 0.40703125 0.7375 0.4109375 0.7444444453125 0.42109375 0.741666666015625 0.4234375 0.7375
3 0.4546875 0.3930555546875 0.4546875 0.37222222265625 0.44921875 0.286111111328125 0.44375 0.273611111328125 0.434375 0.27777777734375 0.4375 0.3944444453125 0.44140625 0.4 0.45078125 0.398611111328125 0.4546875 0.3930555546875
3 0.53515625 0.436111111328125 0.53984375 0.42777777734375 0.5390625 0.416666666015625 0.5234375 0.3805555546875 0.515625 0.351388888671875 0.5015625 0.325 0.4921875 0.33472222265625 0.49375 0.35277777734375 0.52265625 0.43472222265625 0.52578125 0.44027777734375 0.53515625 0.436111111328125
3 0.4875 0.7305555546875 0.48359375 0.613888888671875 0.4703125 0.611111111328125 0.46796875 0.61527777734375 0.47109375 0.7305555546875 0.4734375 0.736111111328125 0.48203125 0.736111111328125 0.4875 0.7305555546875