2 0.51640625 0.50277777734375 0.52265625 0.49027777734375 0.521875 0.4694444453125 0.459375 0.4125 0.4546875 0.413888888671875 0.4484375 0.43472222265625 0.44765625 0.4430555546875 0.4515625 0.45 0.5046875 0.498611111328125 0.51640625 0.50277777734375
2 0.584375 0.445833333984375 0.58125 0.4319444453125 0.53828125 0.3430555546875 0.53203125 0.3444444453125 0.521875 0.358333333984375 0.52109375 0.3694444453125 0.5671875 0.4694444453125 0.58125 0.45972222265625 0.584375 0.445833333984375
3 0.38671875 0.445833333984375 0.390625 0.4305555546875 0.38203125 0.41527777734375 0.33515625 0.3569444453125 0.3296875 0.366666666015625 0.32734375 0.38472222265625 0.334375 0.398611111328125 0.3796875 0.454166666015625 0.38671875 0.445833333984375
3 0.49609375 0.3444444453125 0.4953125 0.323611111328125 0.490625 0.3180555546875 0.4265625 0.32777777734375 0.425 0.34722222265625 0.42890625 0.3555555546875 0.49296875 0.348611111328125 0.49609375 0.3444444453125
3 0.55234375 0.6194444453125 0.55625 0.60972222265625 0.55390625 0.59027777734375 0.53984375 0.563888888671875 0.51953125 0.508333333984375 0.515625 0.508333333984375 0.50703125 0.525 0.5328125 0.608333333984375 0.54296875 0.613888888671875 0.54609375 0.62222222265625 0.55234375 0.6194444453125
4 0.45390625 0.498611111328125 0.45859375 0.476388888671875 0.453125 0.4625 0.40390625 0.39722222265625 0.39765625 0.3944444453125 0.3890625 0.4055555546875 0.3890625 0.423611111328125 0.40546875 0.45277777734375 0.44609375 0.50277777734375 0.45390625 0.498611111328125
4 0.53203125 0.44722222265625 0.53984375 0.42222222265625 0.53515625 0.4069444453125 0.47734375 0.358333333984375 0.4671875 0.361111111328125 0.4640625 0.373611111328125 0.46328125 0.388888888671875 0.46640625 0.3944444453125 0.52578125 0.445833333984375 0.53203125 0.44722222265625
0 0.40390625 0.6625 0.4171875 0.658333333984375 0.4234375 0.651388888671875 0.4234375 0.638888888671875 0.4109375 0.529166666015625 0.40859375 0.520833333984375 0.4046875 0.5194444453125 0.39453125 0.523611111328125 0.38984375 0.52777777734375 0.38984375 0.5375 0.4 0.658333333984375 0.40390625 0.6625
0 0.50703125 0.60277777734375 0.51796875 0.5875 0.51640625 0.575 0.47109375 0.4819444453125 0.46015625 0.486111111328125 0.4546875 0.49722222265625 0.4546875 0.508333333984375 0.459375 0.5194444453125 0.50078125 0.604166666015625 0.50703125 0.60277777734375
0 0.56328125 0.708333333984375 0.56953125 0.691666666015625 0.55078125 0.64722222265625 0.54296875 0.6194444453125 0.53203125 0.608333333984375 0.52890625 0.58472222265625 0.525 0.583333333984375 0.51171875 0.598611111328125 0.5109375 0.6125 0.55 0.711111111328125 0.55625 0.713888888671875 0.56328125 0.708333333984375
1 0.40390625 0.475 0.4046875 0.466666666015625 0.403125 0.454166666015625 0.396875 0.448611111328125 0.33515625 0.476388888671875 0.3359375 0.498611111328125 0.3421875 0.5 0.390625 0.48472222265625 0.40390625 0.475
1 0.3640625 0.6625 0.36953125 0.64722222265625 0.33515625 0.55 0.32734375 0.548611111328125 0.31953125 0.55972222265625 0.31953125 0.5694444453125 0.353125 0.661111111328125 0.35546875 0.66527777734375 0.3640625 0.6625
1 0.46328125 0.6555555546875 0.45078125 0.536111111328125 0.4359375 0.5375 0.4359375 0.57222222265625 0.4453125 0.6555555546875 0.4484375 0.661111111328125 0.46328125 0.6555555546875
1 0.46875 0.67777777734375 0.46484375 0.661111111328125 0.45703125 0.6569444453125 0.39921875 0.6930555546875 0.4 0.7125 0.40546875 0.7180555546875 0.45859375 0.688888888671875 0.46875 0.67777777734375
1 0.50703125 0.7125 0.48515625 0.608333333984375 0.48046875 0.604166666015625 0.47109375 0.613888888671875 0.49140625 0.723611111328125 0.49453125 0.729166666015625 0.5046875 0.723611111328125 0.50703125 0.7125
1 0.53203125 0.716666666015625 0.5328125 0.7055555546875 0.509375 0.613888888671875 0.50546875 0.6069444453125 0.49453125 0.60972222265625 0.49375 0.623611111328125 0.51875 0.720833333984375 0.52265625 0.725 0.53203125 0.716666666015625
2 0.42578125 0.670833333984375 0.43515625 0.670833333984375 0.44375 0.66527777734375 0.44609375 0.658333333984375 0.43984375 0.6194444453125 0.440625 0.598611111328125 0.4359375 0.573611111328125 0.434375 0.53472222265625 0.4265625 0.5305555546875 0.41484375 0.536111111328125 0.41328125 0.5444444453125 0.4203125 0.59722222265625 0.42421875 0.66527777734375 0.42578125 0.670833333984375
4 0.4078125 0.51527777734375 0.41328125 0.50972222265625 0.41328125 0.498611111328125 0.4109375 0.4819444453125 0.403125 0.476388888671875 0.378125 0.49027777734375 0.3375 0.501388888671875 0.334375 0.508333333984375 0.33359375 0.529166666015625 0.33828125 0.54027777734375 0.34296875 0.541666666015625 0.4078125 0.51527777734375