4 0.4734375 0.586111111328125 0.478125 0.5819444453125 0.48125 0.573611111328125 0.48046875 0.563888888671875 0.453125 0.45 0.440625 0.448611111328125 0.434375 0.458333333984375 0.4359375 0.47777777734375 0.45625 0.5625 0.46484375 0.583333333984375 0.4734375 0.586111111328125
4 0.42734375 0.64027777734375 0.434375 0.651388888671875 0.44453125 0.645833333984375 0.4484375 0.625 0.40625 0.5305555546875 0.39921875 0.52777777734375 0.38984375 0.536111111328125 0.38828125 0.55 0.39296875 0.563888888671875 0.40625 0.5875 0.42734375 0.64027777734375
4 0.55859375 0.413888888671875 0.54765625 0.401388888671875 0.4859375 0.466666666015625 0.48828125 0.488888888671875 0.49609375 0.498611111328125 0.55703125 0.436111111328125 0.55859375 0.413888888671875
0 0.5203125 0.425 0.53203125 0.4055555546875 0.546875 0.391666666015625 0.546875 0.370833333984375 0.53984375 0.3555555546875 0.53203125 0.358333333984375 0.4734375 0.423611111328125 0.47734375 0.44722222265625 0.484375 0.458333333984375 0.4875 0.4569444453125 0.5203125 0.425
0 0.390625 0.4555555546875 0.41171875 0.43472222265625 0.4140625 0.425 0.40703125 0.404166666015625 0.4015625 0.401388888671875 0.33828125 0.45972222265625 0.340625 0.483333333984375 0.34921875 0.4944444453125 0.38046875 0.458333333984375 0.390625 0.4555555546875
0 0.3625 0.52777777734375 0.3734375 0.525 0.4125 0.4819444453125 0.4171875 0.4680555546875 0.4109375 0.448611111328125 0.403125 0.44722222265625 0.34296875 0.504166666015625 0.340625 0.513888888671875 0.34453125 0.529166666015625 0.3578125 0.541666666015625 0.3625 0.52777777734375
2 0.42109375 0.675 0.42421875 0.663888888671875 0.38828125 0.5555555546875 0.3765625 0.5569444453125 0.36875 0.5680555546875 0.371875 0.586111111328125 0.40390625 0.683333333984375 0.409375 0.686111111328125 0.42109375 0.675
2 0.45390625 0.629166666015625 0.46015625 0.6305555546875 0.46640625 0.623611111328125 0.4703125 0.61527777734375 0.46953125 0.608333333984375 0.43359375 0.52222222265625 0.425 0.511111111328125 0.415625 0.51527777734375 0.409375 0.53472222265625 0.41796875 0.5569444453125 0.4296875 0.573611111328125 0.45390625 0.629166666015625
2 0.4953125 0.533333333984375 0.496875 0.520833333984375 0.4765625 0.454166666015625 0.4671875 0.4069444453125 0.4578125 0.4069444453125 0.4484375 0.4194444453125 0.44765625 0.42777777734375 0.478125 0.54027777734375 0.484375 0.541666666015625 0.4953125 0.533333333984375
3 0.4046875 0.52222222265625 0.4125 0.50972222265625 0.41171875 0.498611111328125 0.40703125 0.491666666015625 0.36953125 0.5180555546875 0.35078125 0.548611111328125 0.35234375 0.563888888671875 0.35625 0.5680555546875 0.3984375 0.523611111328125 0.4046875 0.52222222265625
3 0.48671875 0.67222222265625 0.4890625 0.654166666015625 0.48671875 0.64722222265625 0.478125 0.64027777734375 0.4734375 0.6444444453125 0.45234375 0.741666666015625 0.453125 0.75972222265625 0.4625 0.76527777734375 0.46796875 0.761111111328125 0.48671875 0.67222222265625
3 0.509375 0.52777777734375 0.4984375 0.526388888671875 0.4734375 0.611111111328125 0.4703125 0.629166666015625 0.48125 0.64027777734375 0.51015625 0.54027777734375 0.509375 0.52777777734375
1 0.5359375 0.526388888671875 0.5328125 0.5125 0.52578125 0.5069444453125 0.521875 0.50972222265625 0.49296875 0.60277777734375 0.49375 0.616666666015625 0.5015625 0.623611111328125 0.50703125 0.62222222265625 0.5359375 0.526388888671875
1 0.47265625 0.3569444453125 0.4640625 0.3444444453125 0.45625 0.35 0.4171875 0.426388888671875 0.4203125 0.44027777734375 0.43046875 0.445833333984375 0.4703125 0.370833333984375 0.47265625 0.3569444453125
1 0.45859375 0.3444444453125 0.48984375 0.311111111328125 0.49140625 0.298611111328125 0.48515625 0.28472222265625 0.48046875 0.28472222265625 0.43125 0.3430555546875 0.428125 0.354166666015625 0.4359375 0.37222222265625 0.4390625 0.37222222265625 0.45859375 0.3444444453125
1 0.38984375 0.375 0.40390625 0.366666666015625 0.4140625 0.351388888671875 0.40859375 0.3319444453125 0.4046875 0.3305555546875 0.3515625 0.379166666015625 0.3484375 0.3930555546875 0.3515625 0.4055555546875 0.3578125 0.40972222265625 0.38984375 0.375
1 0.40859375 0.3944444453125 0.41171875 0.38472222265625 0.4078125 0.3694444453125 0.4015625 0.3694444453125 0.3484375 0.416666666015625 0.3453125 0.42222222265625 0.3484375 0.436111111328125 0.35625 0.44027777734375 0.40859375 0.3944444453125
1 0.33359375 0.2930555546875 0.3234375 0.2875 0.3171875 0.291666666015625 0.31328125 0.351388888671875 0.3109375 0.40972222265625 0.32734375 0.41527777734375 0.33203125 0.370833333984375 0.33359375 0.2930555546875