4 0.4609375 0.404166666015625 0.4609375 0.383333333984375 0.45703125 0.373611111328125 0.3890625 0.37222222265625 0.38203125 0.379166666015625 0.38359375 0.4069444453125 0.3890625 0.40972222265625 0.45625 0.411111111328125 0.4609375 0.404166666015625
4 0.36640625 0.445833333984375 0.37265625 0.45 0.3828125 0.416666666015625 0.35234375 0.3625 0.3421875 0.336111111328125 0.328125 0.323611111328125 0.321875 0.325 0.31640625 0.336111111328125 0.3140625 0.35277777734375 0.3171875 0.35972222265625 0.35390625 0.4180555546875 0.36640625 0.445833333984375
4 0.45 0.626388888671875 0.45234375 0.61527777734375 0.4390625 0.5875 0.423046875 0.607638888671875 0.4109375 0.61527777734375 0.4078125 0.625 0.384375 0.651388888671875 0.37734375 0.6694444453125 0.3796875 0.683333333984375 0.3875 0.691666666015625 0.45 0.626388888671875
0 0.3890625 0.5125 0.44609375 0.5569444453125 0.45234375 0.551388888671875 0.4578125 0.5319444453125 0.453125 0.5180555546875 0.38984375 0.470833333984375 0.3796875 0.47222222265625 0.375 0.4805555546875 0.378125 0.501388888671875 0.38359375 0.5125 0.3890625 0.5125
0 0.5390625 0.545833333984375 0.546875 0.536111111328125 0.55078125 0.51527777734375 0.50234375 0.436111111328125 0.49375 0.4319444453125 0.48359375 0.45 0.48203125 0.45972222265625 0.48671875 0.473611111328125 0.5328125 0.5430555546875 0.5390625 0.545833333984375
2 0.50546875 0.379166666015625 0.50546875 0.358333333984375 0.4390625 0.3125 0.43359375 0.313888888671875 0.428125 0.33472222265625 0.42890625 0.35 0.49296875 0.3930555546875 0.50078125 0.3930555546875 0.50546875 0.379166666015625
2 0.5359375 0.6805555546875 0.540625 0.6680555546875 0.53828125 0.6444444453125 0.5109375 0.6319444453125 0.47265625 0.6194444453125 0.46640625 0.620833333984375 0.4625 0.6375 0.4640625 0.654166666015625 0.52421875 0.673611111328125 0.53203125 0.6819444453125 0.5359375 0.6805555546875
0 0.5296875 0.7180555546875 0.5328125 0.70277777734375 0.53359375 0.688888888671875 0.53046875 0.683333333984375 0.50546875 0.670833333984375 0.46640625 0.658333333984375 0.459375 0.658333333984375 0.45390625 0.670833333984375 0.453125 0.691666666015625 0.4578125 0.69722222265625 0.525 0.72222222265625 0.5296875 0.7180555546875
1 0.4046875 0.6 0.4140625 0.58472222265625 0.41171875 0.575 0.3734375 0.4944444453125 0.36484375 0.4944444453125 0.36171875 0.50277777734375 0.3640625 0.520833333984375 0.4 0.598611111328125 0.4046875 0.6
1 0.37265625 0.548611111328125 0.3421875 0.451388888671875 0.33828125 0.448611111328125 0.33046875 0.454166666015625 0.32734375 0.466666666015625 0.35859375 0.563888888671875 0.36953125 0.5625 0.37265625 0.548611111328125
1 0.49296875 0.6069444453125 0.503125 0.626388888671875 0.5078125 0.626388888671875 0.51640625 0.61527777734375 0.52265625 0.6180555546875 0.5296875 0.608333333984375 0.53125 0.59722222265625 0.5265625 0.58472222265625 0.490625 0.529166666015625 0.4796875 0.525 0.46875 0.533333333984375 0.46328125 0.5305555546875 0.45625 0.541666666015625 0.45546875 0.55 0.459375 0.5625 0.484375 0.604166666015625 0.49296875 0.6069444453125
1 0.53359375 0.561111111328125 0.534375 0.55 0.4875 0.47777777734375 0.48125 0.479166666015625 0.47734375 0.488888888671875 0.4796875 0.504166666015625 0.51171875 0.563888888671875 0.5265625 0.575 0.53359375 0.561111111328125
3 0.52734375 0.404166666015625 0.52578125 0.3930555546875 0.5203125 0.39027777734375 0.459375 0.41527777734375 0.45859375 0.436111111328125 0.46484375 0.4430555546875 0.525 0.416666666015625 0.52734375 0.404166666015625
3 0.3796875 0.4680555546875 0.33515625 0.386111111328125 0.32734375 0.38472222265625 0.32265625 0.391666666015625 0.3203125 0.4069444453125 0.3671875 0.483333333984375 0.371875 0.483333333984375 0.3796875 0.4680555546875
2 0.45703125 0.463888888671875 0.459375 0.451388888671875 0.45703125 0.4305555546875 0.45390625 0.42777777734375 0.38984375 0.42777777734375 0.38046875 0.4305555546875 0.378125 0.4375 0.37890625 0.45972222265625 0.39375 0.466666666015625 0.453125 0.466666666015625 0.45703125 0.463888888671875