0 0.39140625 0.348611111328125 0.38671875 0.3444444453125 0.31640625 0.375 0.31484375 0.3944444453125 0.3203125 0.4125 0.3953125 0.3819444453125 0.39140625 0.348611111328125
0 0.46328125 0.4375 0.46875 0.4375 0.47109375 0.4319444453125 0.471875 0.404166666015625 0.4671875 0.4 0.39453125 0.3930555546875 0.39296875 0.420833333984375 0.39375 0.42777777734375 0.3984375 0.4319444453125 0.46328125 0.4375
0 0.5921875 0.54722222265625 0.5953125 0.53472222265625 0.59296875 0.5180555546875 0.53125 0.4625 0.52265625 0.466666666015625 0.51953125 0.4930555546875 0.52890625 0.508333333984375 0.584375 0.5555555546875 0.5921875 0.54722222265625
1 0.5046875 0.386111111328125 0.50859375 0.375 0.50859375 0.358333333984375 0.471875 0.33472222265625 0.446875 0.325 0.4421875 0.333333333984375 0.44296875 0.35 0.47265625 0.370833333984375 0.49765625 0.386111111328125 0.5046875 0.386111111328125
1 0.52421875 0.404166666015625 0.52109375 0.4 0.49453125 0.3875 0.4671875 0.366666666015625 0.46015625 0.36527777734375 0.45703125 0.37777777734375 0.4609375 0.3944444453125 0.5171875 0.429166666015625 0.52421875 0.416666666015625 0.52421875 0.404166666015625
1 0.56171875 0.35972222265625 0.56015625 0.35 0.55234375 0.3430555546875 0.546875 0.34722222265625 0.5203125 0.4319444453125 0.5171875 0.448611111328125 0.52890625 0.461111111328125 0.55390625 0.388888888671875 0.56171875 0.35972222265625
1 0.53125 0.279166666015625 0.52734375 0.263888888671875 0.52265625 0.261111111328125 0.4640625 0.311111111328125 0.46875 0.333333333984375 0.478125 0.3319444453125 0.5296875 0.288888888671875 0.53125 0.279166666015625
1 0.43515625 0.316666666015625 0.43828125 0.30277777734375 0.43515625 0.288888888671875 0.43046875 0.2875 0.36953125 0.3180555546875 0.36953125 0.33472222265625 0.37265625 0.3444444453125 0.37734375 0.345833333984375 0.43515625 0.316666666015625
4 0.4296875 0.6194444453125 0.4296875 0.6069444453125 0.38671875 0.508333333984375 0.3796875 0.508333333984375 0.36953125 0.523611111328125 0.36953125 0.5319444453125 0.4109375 0.6319444453125 0.41484375 0.636111111328125 0.4296875 0.6194444453125
4 0.58359375 0.601388888671875 0.58046875 0.5805555546875 0.51875 0.526388888671875 0.51328125 0.529166666015625 0.50703125 0.548611111328125 0.50859375 0.55972222265625 0.5671875 0.613888888671875 0.57421875 0.616666666015625 0.58359375 0.601388888671875
4 0.47578125 0.55972222265625 0.4859375 0.473611111328125 0.49296875 0.4430555546875 0.4859375 0.4305555546875 0.475 0.429166666015625 0.47109375 0.4375 0.459375 0.5444444453125 0.459375 0.55972222265625 0.46640625 0.5680555546875 0.4703125 0.5694444453125 0.47578125 0.55972222265625
2 0.49765625 0.579166666015625 0.50078125 0.573611111328125 0.50078125 0.55 0.50546875 0.5319444453125 0.5140625 0.448611111328125 0.5046875 0.438888888671875 0.4953125 0.44027777734375 0.4875 0.4680555546875 0.4859375 0.49722222265625 0.475 0.5680555546875 0.48125 0.575 0.49765625 0.579166666015625
2 0.390625 0.60972222265625 0.390625 0.6 0.3859375 0.576388888671875 0.37578125 0.573611111328125 0.3578125 0.5875 0.33828125 0.5944444453125 0.3109375 0.6180555546875 0.31171875 0.638888888671875 0.31875 0.6555555546875 0.3875 0.613888888671875 0.390625 0.60972222265625
2 0.4484375 0.59027777734375 0.45703125 0.5805555546875 0.45 0.463888888671875 0.4453125 0.44722222265625 0.43359375 0.45 0.4296875 0.4569444453125 0.4296875 0.488888888671875 0.43515625 0.5875 0.4484375 0.59027777734375
3 0.40078125 0.47777777734375 0.403125 0.47222222265625 0.403125 0.45277777734375 0.39921875 0.44722222265625 0.3515625 0.44027777734375 0.334375 0.4430555546875 0.33125 0.461111111328125 0.3359375 0.470833333984375 0.39453125 0.47777777734375 0.40078125 0.47777777734375
3 0.4578125 0.729166666015625 0.46640625 0.723611111328125 0.46953125 0.70972222265625 0.446875 0.60277777734375 0.4390625 0.60277777734375 0.434375 0.6125 0.43515625 0.62777777734375 0.45234375 0.7194444453125 0.4578125 0.729166666015625
3 0.5265625 0.623611111328125 0.5296875 0.61527777734375 0.5296875 0.59722222265625 0.52578125 0.591666666015625 0.5046875 0.5875 0.47109375 0.570833333984375 0.46171875 0.579166666015625 0.4609375 0.595833333984375 0.46484375 0.6 0.52109375 0.623611111328125 0.5265625 0.623611111328125
1 0.521875 0.71527777734375 0.52578125 0.7125 0.53203125 0.6944444453125 0.52265625 0.67222222265625 0.490625 0.613888888671875 0.4828125 0.60972222265625 0.47734375 0.6180555546875 0.47578125 0.6319444453125 0.48046875 0.641666666015625 0.51484375 0.7055555546875 0.521875 0.71527777734375