0 0.32578125 0.4069444453125 0.3875 0.3805555546875 0.39296875 0.376388888671875 0.39375 0.361111111328125 0.3890625 0.3430555546875 0.36953125 0.3430555546875 0.3171875 0.3694444453125 0.3140625 0.37222222265625 0.3140625 0.3930555546875 0.31953125 0.4069444453125 0.32578125 0.4069444453125
0 0.4609375 0.4305555546875 0.46328125 0.416666666015625 0.46328125 0.401388888671875 0.45703125 0.3930555546875 0.39765625 0.3805555546875 0.3875 0.3819444453125 0.38359375 0.391666666015625 0.38359375 0.4180555546875 0.3890625 0.42222222265625 0.45703125 0.433333333984375 0.4609375 0.4305555546875
0 0.603125 0.491666666015625 0.6015625 0.46527777734375 0.5328125 0.4305555546875 0.52890625 0.4305555546875 0.52578125 0.445833333984375 0.525 0.463888888671875 0.52890625 0.47222222265625 0.5953125 0.50277777734375 0.603125 0.491666666015625
1 0.43828125 0.301388888671875 0.4359375 0.29027777734375 0.43125 0.286111111328125 0.36953125 0.3180555546875 0.36953125 0.333333333984375 0.3765625 0.3444444453125 0.4359375 0.31527777734375 0.43828125 0.301388888671875
1 0.51484375 0.3555555546875 0.51328125 0.3444444453125 0.4578125 0.304166666015625 0.453125 0.304166666015625 0.44921875 0.3125 0.45 0.3305555546875 0.49453125 0.36527777734375 0.51171875 0.37222222265625 0.51484375 0.3555555546875
1 0.5234375 0.420833333984375 0.525 0.404166666015625 0.521875 0.4 0.465625 0.363888888671875 0.459375 0.3680555546875 0.45703125 0.38472222265625 0.46328125 0.3944444453125 0.51640625 0.42777777734375 0.5234375 0.420833333984375
1 0.565625 0.33472222265625 0.5671875 0.323611111328125 0.56484375 0.3180555546875 0.553125 0.313888888671875 0.52734375 0.4055555546875 0.52734375 0.423611111328125 0.5328125 0.4319444453125 0.5375 0.4305555546875 0.565625 0.33472222265625
1 0.4828125 0.7319444453125 0.4828125 0.629166666015625 0.4796875 0.625 0.4703125 0.625 0.46875 0.629166666015625 0.46640625 0.676388888671875 0.465625 0.7444444453125 0.46953125 0.751388888671875 0.4796875 0.751388888671875 0.4828125 0.7319444453125
1 0.4296875 0.6305555546875 0.4296875 0.6125 0.42421875 0.604166666015625 0.365625 0.6194444453125 0.3609375 0.625 0.36015625 0.645833333984375 0.3703125 0.65 0.4265625 0.636111111328125 0.4296875 0.6305555546875
2 0.446875 0.58472222265625 0.46015625 0.5694444453125 0.459375 0.554166666015625 0.41796875 0.458333333984375 0.4078125 0.461111111328125 0.40078125 0.473611111328125 0.4 0.4819444453125 0.40390625 0.4944444453125 0.44296875 0.583333333984375 0.446875 0.58472222265625
2 0.3546875 0.633333333984375 0.3875 0.55 0.38671875 0.5430555546875 0.36796875 0.526388888671875 0.32734375 0.6375 0.33125 0.654166666015625 0.340625 0.6625 0.346875 0.661111111328125 0.3546875 0.633333333984375
2 0.54296875 0.5625 0.51015625 0.44722222265625 0.503125 0.445833333984375 0.49296875 0.454166666015625 0.49453125 0.483333333984375 0.5234375 0.5805555546875 0.5390625 0.57222222265625 0.54296875 0.5625
4 0.4859375 0.558333333984375 0.48984375 0.43472222265625 0.48828125 0.426388888671875 0.4828125 0.42222222265625 0.4703125 0.425 0.46796875 0.43472222265625 0.465625 0.5555555546875 0.4734375 0.56527777734375 0.47890625 0.56527777734375 0.4859375 0.558333333984375
4 0.60234375 0.56527777734375 0.60625 0.554166666015625 0.6046875 0.536111111328125 0.5453125 0.4805555546875 0.53671875 0.4819444453125 0.53125 0.498611111328125 0.53046875 0.50972222265625 0.53671875 0.5194444453125 0.5921875 0.5680555546875 0.60234375 0.56527777734375
4 0.41953125 0.55972222265625 0.421875 0.538888888671875 0.41484375 0.52777777734375 0.38984375 0.50277777734375 0.3640625 0.46527777734375 0.35546875 0.46527777734375 0.3515625 0.475 0.34921875 0.495833333984375 0.35390625 0.504166666015625 0.41015625 0.5694444453125 0.41953125 0.55972222265625
3 0.4640625 0.72222222265625 0.46328125 0.70277777734375 0.44609375 0.6055555546875 0.43984375 0.60277777734375 0.43203125 0.611111111328125 0.43203125 0.63472222265625 0.44921875 0.72777777734375 0.459375 0.72777777734375 0.4640625 0.72222222265625
3 0.5265625 0.62777777734375 0.5296875 0.6180555546875 0.52890625 0.6 0.5234375 0.5930555546875 0.46875 0.575 0.46171875 0.5819444453125 0.46015625 0.598611111328125 0.4625 0.60277777734375 0.5234375 0.62777777734375 0.5265625 0.62777777734375
3 0.40078125 0.438888888671875 0.35078125 0.4319444453125 0.334375 0.4319444453125 0.33203125 0.4375 0.33359375 0.461111111328125 0.396875 0.4694444453125 0.40234375 0.46527777734375 0.40078125 0.438888888671875