1 0.53515625 0.595833333984375 0.5640625 0.5125 0.5609375 0.498611111328125 0.5546875 0.4930555546875 0.55 0.495833333984375 0.51875 0.583333333984375 0.5171875 0.5944444453125 0.5234375 0.6055555546875 0.528125 0.6055555546875 0.53515625 0.595833333984375
1 0.51328125 0.36527777734375 0.51015625 0.3444444453125 0.44453125 0.3555555546875 0.44609375 0.3805555546875 0.50703125 0.373611111328125 0.51171875 0.37222222265625 0.51328125 0.36527777734375
1 0.56796875 0.5944444453125 0.57109375 0.5875 0.56875 0.576388888671875 0.56328125 0.5680555546875 0.55859375 0.5680555546875 0.509375 0.6375 0.50859375 0.6444444453125 0.51484375 0.65972222265625 0.521875 0.6569444453125 0.56796875 0.5944444453125
1 0.49765625 0.57777777734375 0.52734375 0.4930555546875 0.5265625 0.479166666015625 0.521875 0.47222222265625 0.515625 0.47222222265625 0.47734375 0.558333333984375 0.4765625 0.566666666015625 0.48125 0.57222222265625 0.49296875 0.5805555546875 0.49765625 0.57777777734375
1 0.50859375 0.4680555546875 0.49765625 0.454166666015625 0.45859375 0.525 0.45625 0.5444444453125 0.4703125 0.563888888671875 0.50546875 0.48472222265625 0.50859375 0.4680555546875
4 0.45390625 0.541666666015625 0.4921875 0.45972222265625 0.49765625 0.4430555546875 0.49765625 0.4319444453125 0.4890625 0.4180555546875 0.48125 0.416666666015625 0.440625 0.513888888671875 0.4390625 0.526388888671875 0.44140625 0.533333333984375 0.44609375 0.54027777734375 0.45390625 0.541666666015625
4 0.5328125 0.545833333984375 0.53359375 0.525 0.52265625 0.5125 0.51875 0.513888888671875 0.478125 0.6125 0.4765625 0.62222222265625 0.47890625 0.629166666015625 0.49296875 0.64027777734375 0.5328125 0.545833333984375
4 0.42578125 0.598611111328125 0.421875 0.58472222265625 0.41484375 0.57222222265625 0.4109375 0.57222222265625 0.35234375 0.64722222265625 0.3546875 0.6694444453125 0.3640625 0.676388888671875 0.42109375 0.60972222265625 0.42578125 0.598611111328125
0 0.48203125 0.595833333984375 0.4828125 0.579166666015625 0.4796875 0.573611111328125 0.45703125 0.5555555546875 0.415625 0.52777777734375 0.41171875 0.529166666015625 0.40703125 0.5430555546875 0.40625 0.5625 0.46875 0.60972222265625 0.47734375 0.60972222265625 0.48203125 0.595833333984375
0 0.609375 0.429166666015625 0.6078125 0.4194444453125 0.57109375 0.3319444453125 0.56484375 0.320833333984375 0.56015625 0.320833333984375 0.5484375 0.338888888671875 0.54921875 0.35277777734375 0.59140625 0.44722222265625 0.60390625 0.441666666015625 0.609375 0.429166666015625
0 0.4875 0.2819444453125 0.48984375 0.275 0.4875 0.261111111328125 0.47421875 0.245833333984375 0.42109375 0.33472222265625 0.425 0.351388888671875 0.43515625 0.366666666015625 0.4390625 0.363888888671875 0.4875 0.2819444453125
2 0.55625 0.45972222265625 0.55546875 0.441666666015625 0.5453125 0.3305555546875 0.534375 0.325 0.525 0.333333333984375 0.534375 0.463888888671875 0.5390625 0.4680555546875 0.55390625 0.463888888671875 0.55625 0.45972222265625
2 0.4078125 0.495833333984375 0.4109375 0.491666666015625 0.4109375 0.476388888671875 0.40703125 0.463888888671875 0.396875 0.458333333984375 0.33125 0.49027777734375 0.3328125 0.5180555546875 0.3359375 0.526388888671875 0.34140625 0.52777777734375 0.4078125 0.495833333984375
2 0.44375 0.50277777734375 0.446875 0.49722222265625 0.45390625 0.470833333984375 0.42421875 0.42777777734375 0.39375 0.391666666015625 0.3828125 0.4069444453125 0.38125 0.42222222265625 0.40625 0.45972222265625 0.43984375 0.501388888671875 0.44375 0.50277777734375
3 0.428125 0.4055555546875 0.428125 0.398611111328125 0.421875 0.3694444453125 0.42265625 0.3555555546875 0.415625 0.30277777734375 0.4109375 0.29027777734375 0.40078125 0.2944444453125 0.40859375 0.4055555546875 0.4140625 0.413888888671875 0.42109375 0.413888888671875 0.428125 0.4055555546875
3 0.46328125 0.6055555546875 0.45546875 0.604166666015625 0.41171875 0.679166666015625 0.41640625 0.698611111328125 0.42578125 0.69722222265625 0.471875 0.62222222265625 0.46328125 0.6055555546875