1 0.42734375 0.41527777734375 0.4296875 0.398611111328125 0.41953125 0.3819444453125 0.38125 0.333333333984375 0.37265625 0.329166666015625 0.36875 0.336111111328125 0.36640625 0.348611111328125 0.37734375 0.3680555546875 0.42109375 0.42222222265625 0.42734375 0.41527777734375
1 0.39140625 0.408333333984375 0.37890625 0.39722222265625 0.3484375 0.47777777734375 0.34375 0.5 0.3578125 0.511111111328125 0.390625 0.420833333984375 0.39140625 0.408333333984375
1 0.3421875 0.475 0.32734375 0.475 0.321875 0.536111111328125 0.31953125 0.588888888671875 0.33359375 0.5944444453125 0.3375 0.570833333984375 0.3421875 0.475
1 0.31484375 0.63472222265625 0.3203125 0.629166666015625 0.3203125 0.620833333984375 0.3109375 0.5125 0.296875 0.5125 0.2953125 0.523611111328125 0.30390625 0.623611111328125 0.30703125 0.63472222265625 0.31484375 0.63472222265625
1 0.3734375 0.55 0.37421875 0.5375 0.36796875 0.529166666015625 0.36171875 0.529166666015625 0.32734375 0.6194444453125 0.325 0.6305555546875 0.3390625 0.641666666015625 0.36015625 0.591666666015625 0.3734375 0.55
1 0.57109375 0.40972222265625 0.57890625 0.401388888671875 0.58046875 0.3875 0.57734375 0.3819444453125 0.5328125 0.333333333984375 0.52265625 0.326388888671875 0.51640625 0.3430555546875 0.51640625 0.35277777734375 0.521875 0.361111111328125 0.55703125 0.39722222265625 0.57109375 0.40972222265625
0 0.496875 0.386111111328125 0.49765625 0.37777777734375 0.48203125 0.338888888671875 0.459375 0.311111111328125 0.4515625 0.2930555546875 0.44140625 0.2875 0.43125 0.301388888671875 0.43046875 0.316666666015625 0.48046875 0.401388888671875 0.4890625 0.4 0.496875 0.386111111328125
0 0.39296875 0.67222222265625 0.39453125 0.654166666015625 0.3921875 0.6430555546875 0.40546875 0.616666666015625 0.41484375 0.5875 0.42109375 0.558333333984375 0.41796875 0.548611111328125 0.40625 0.54027777734375 0.39921875 0.545833333984375 0.38203125 0.6319444453125 0.375 0.65 0.37421875 0.661111111328125 0.37734375 0.670833333984375 0.384375 0.676388888671875 0.39296875 0.67222222265625
0 0.3703125 0.6625 0.38359375 0.6194444453125 0.3984375 0.538888888671875 0.38359375 0.526388888671875 0.3796875 0.529166666015625 0.35 0.6430555546875 0.35 0.651388888671875 0.3546875 0.658333333984375 0.36171875 0.663888888671875 0.3703125 0.6625
4 0.49765625 0.511111111328125 0.5 0.495833333984375 0.4984375 0.483333333984375 0.4921875 0.47777777734375 0.43515625 0.4819444453125 0.4203125 0.4875 0.42109375 0.5194444453125 0.4296875 0.525 0.490625 0.51527777734375 0.49765625 0.511111111328125
4 0.50859375 0.5944444453125 0.5109375 0.57777777734375 0.5078125 0.5625 0.43203125 0.570833333984375 0.43125 0.5944444453125 0.434375 0.60277777734375 0.5046875 0.595833333984375 0.50859375 0.5944444453125
2 0.49296875 0.704166666015625 0.4953125 0.67777777734375 0.4875 0.6694444453125 0.4703125 0.6625 0.43359375 0.636111111328125 0.421875 0.6375 0.4171875 0.65277777734375 0.4171875 0.670833333984375 0.43203125 0.683333333984375 0.48671875 0.713888888671875 0.49296875 0.704166666015625
2 0.5046875 0.5555555546875 0.5078125 0.548611111328125 0.5046875 0.5180555546875 0.44609375 0.525 0.4328125 0.52777777734375 0.43046875 0.533333333984375 0.43125 0.558333333984375 0.43515625 0.563888888671875 0.471875 0.5555555546875 0.5046875 0.5555555546875
2 0.5046875 0.4569444453125 0.50703125 0.441666666015625 0.4828125 0.40972222265625 0.4640625 0.373611111328125 0.453125 0.3625 0.44609375 0.3625 0.44140625 0.3694444453125 0.4375 0.391666666015625 0.4921875 0.473611111328125 0.49453125 0.475 0.5046875 0.4569444453125
3 0.5328125 0.383333333984375 0.53203125 0.3694444453125 0.5203125 0.3625 0.51328125 0.4055555546875 0.5046875 0.4805555546875 0.515625 0.488888888671875 0.5203125 0.486111111328125 0.5328125 0.383333333984375
3 0.584375 0.636111111328125 0.5953125 0.6319444453125 0.59765625 0.626388888671875 0.5953125 0.60972222265625 0.5703125 0.5319444453125 0.56484375 0.520833333984375 0.55390625 0.523611111328125 0.55234375 0.536111111328125 0.55625 0.55277777734375 0.58125 0.6319444453125 0.584375 0.636111111328125
3 0.42890625 0.5875 0.421875 0.5819444453125 0.4171875 0.58472222265625 0.41484375 0.61527777734375 0.403125 0.6625 0.39375 0.67777777734375 0.39375 0.695833333984375 0.40625 0.698611111328125 0.42890625 0.6 0.42890625 0.5875
4 0.5046875 0.3805555546875 0.5125 0.363888888671875 0.5125 0.34722222265625 0.4625 0.261111111328125 0.459375 0.25972222265625 0.45078125 0.275 0.4515625 0.291666666015625 0.48046875 0.3319444453125 0.49453125 0.370833333984375 0.5046875 0.3805555546875