4 0.4328125 0.6180555546875 0.4359375 0.59722222265625 0.3984375 0.504166666015625 0.38984375 0.49722222265625 0.378125 0.513888888671875 0.38984375 0.55277777734375 0.42265625 0.620833333984375 0.42578125 0.623611111328125 0.4328125 0.6180555546875
4 0.47734375 0.5680555546875 0.48203125 0.551388888671875 0.48828125 0.479166666015625 0.49765625 0.4430555546875 0.48671875 0.4319444453125 0.47734375 0.4319444453125 0.4734375 0.44027777734375 0.4625 0.55277777734375 0.4625 0.5625 0.46875 0.5694444453125 0.47734375 0.5680555546875
4 0.58359375 0.59722222265625 0.584375 0.5805555546875 0.58046875 0.573611111328125 0.51953125 0.516666666015625 0.51171875 0.52222222265625 0.5078125 0.5375 0.50859375 0.548611111328125 0.57421875 0.608333333984375 0.58359375 0.59722222265625
0 0.58046875 0.5694444453125 0.590625 0.55277777734375 0.59296875 0.538888888671875 0.590625 0.529166666015625 0.553125 0.491666666015625 0.5296875 0.470833333984375 0.525 0.470833333984375 0.51953125 0.486111111328125 0.51796875 0.50972222265625 0.525 0.52222222265625 0.553125 0.55 0.58046875 0.5694444453125
0 0.47109375 0.436111111328125 0.46875 0.4319444453125 0.39765625 0.42222222265625 0.3921875 0.4319444453125 0.3921875 0.4569444453125 0.396875 0.4625 0.46953125 0.470833333984375 0.47109375 0.436111111328125
0 0.45234375 0.4 0.45 0.376388888671875 0.44140625 0.3694444453125 0.37578125 0.36527777734375 0.371875 0.376388888671875 0.37109375 0.3944444453125 0.37578125 0.404166666015625 0.44921875 0.4125 0.45234375 0.4
2 0.50546875 0.5319444453125 0.51171875 0.5180555546875 0.51484375 0.491666666015625 0.515625 0.4444444453125 0.49765625 0.4444444453125 0.48984375 0.476388888671875 0.48046875 0.5569444453125 0.48125 0.57222222265625 0.49453125 0.5805555546875 0.503125 0.57777777734375 0.50546875 0.5319444453125
2 0.459375 0.591666666015625 0.45703125 0.576388888671875 0.41796875 0.479166666015625 0.40546875 0.4819444453125 0.4 0.4944444453125 0.40390625 0.5180555546875 0.43828125 0.601388888671875 0.446875 0.6069444453125 0.459375 0.591666666015625
2 0.396875 0.5805555546875 0.39765625 0.573611111328125 0.39296875 0.563888888671875 0.34453125 0.4930555546875 0.33828125 0.488888888671875 0.328125 0.504166666015625 0.3265625 0.520833333984375 0.38203125 0.60277777734375 0.3859375 0.60277777734375 0.396875 0.5805555546875
3 0.48046875 0.61527777734375 0.478125 0.608333333984375 0.4671875 0.60277777734375 0.4625 0.6055555546875 0.43359375 0.698611111328125 0.434375 0.711111111328125 0.446875 0.716666666015625 0.47109375 0.636111111328125 0.48046875 0.61527777734375
3 0.5265625 0.620833333984375 0.53046875 0.608333333984375 0.5296875 0.595833333984375 0.525 0.59027777734375 0.4921875 0.5805555546875 0.47734375 0.570833333984375 0.465625 0.5694444453125 0.46328125 0.576388888671875 0.465625 0.59722222265625 0.48203125 0.6069444453125 0.521875 0.620833333984375 0.5265625 0.620833333984375
1 0.50390625 0.398611111328125 0.50625 0.383333333984375 0.50390625 0.37222222265625 0.4453125 0.338888888671875 0.4421875 0.338888888671875 0.4390625 0.35 0.43828125 0.35972222265625 0.44140625 0.366666666015625 0.49765625 0.401388888671875 0.50390625 0.398611111328125
1 0.51875 0.438888888671875 0.521875 0.42777777734375 0.51875 0.411111111328125 0.5015625 0.404166666015625 0.4640625 0.395833333984375 0.45234375 0.4 0.4515625 0.41527777734375 0.4578125 0.42222222265625 0.51328125 0.44027777734375 0.51875 0.438888888671875
1 0.52734375 0.70972222265625 0.53203125 0.695833333984375 0.52890625 0.686111111328125 0.48984375 0.613888888671875 0.48125 0.611111111328125 0.47578125 0.623611111328125 0.475 0.6305555546875 0.51171875 0.7 0.5203125 0.713888888671875 0.52734375 0.70972222265625
1 0.55078125 0.483333333984375 0.55703125 0.473611111328125 0.55703125 0.466666666015625 0.528125 0.37222222265625 0.521875 0.3680555546875 0.5140625 0.376388888671875 0.5140625 0.386111111328125 0.54140625 0.47777777734375 0.546875 0.48472222265625 0.55078125 0.483333333984375
1 0.50546875 0.3125 0.5 0.2430555546875 0.49765625 0.238888888671875 0.484375 0.2430555546875 0.4890625 0.358333333984375 0.490625 0.363888888671875 0.5046875 0.37222222265625 0.50546875 0.3125
1 0.4359375 0.31527777734375 0.43828125 0.304166666015625 0.43203125 0.286111111328125 0.36953125 0.316666666015625 0.36953125 0.33472222265625 0.37265625 0.3444444453125 0.3765625 0.345833333984375 0.4359375 0.31527777734375
3 0.40234375 0.486111111328125 0.40234375 0.4680555546875 0.3984375 0.463888888671875 0.3390625 0.451388888671875 0.33359375 0.4569444453125 0.3328125 0.470833333984375 0.3390625 0.483333333984375 0.39375 0.4930555546875 0.40234375 0.486111111328125