1 0.43828125 0.30277777734375 0.43203125 0.286111111328125 0.3703125 0.316666666015625 0.36953125 0.333333333984375 0.3765625 0.3444444453125 0.43515625 0.31527777734375 0.43828125 0.30277777734375
1 0.51484375 0.354166666015625 0.5125 0.3444444453125 0.4578125 0.304166666015625 0.453125 0.304166666015625 0.44921875 0.3125 0.45 0.3305555546875 0.5046875 0.37222222265625 0.51171875 0.37222222265625 0.51484375 0.354166666015625
1 0.5234375 0.42222222265625 0.525 0.404166666015625 0.51640625 0.395833333984375 0.46484375 0.363888888671875 0.45703125 0.375 0.45625 0.383333333984375 0.46171875 0.3944444453125 0.515625 0.42777777734375 0.5234375 0.42222222265625
1 0.5671875 0.32777777734375 0.5640625 0.3180555546875 0.55234375 0.316666666015625 0.5265625 0.40972222265625 0.52734375 0.425 0.5328125 0.4319444453125 0.5390625 0.429166666015625 0.5671875 0.32777777734375
1 0.52734375 0.70972222265625 0.53203125 0.69722222265625 0.52890625 0.68472222265625 0.490625 0.613888888671875 0.48125 0.60972222265625 0.47578125 0.62222222265625 0.47578125 0.6319444453125 0.515625 0.7069444453125 0.521875 0.71527777734375 0.52734375 0.70972222265625
1 0.36484375 0.658333333984375 0.40859375 0.65 0.42578125 0.6444444453125 0.43046875 0.6375 0.4296875 0.620833333984375 0.4265625 0.61527777734375 0.3625 0.62777777734375 0.359375 0.633333333984375 0.359375 0.6444444453125 0.3609375 0.6555555546875 0.36484375 0.658333333984375
0 0.32578125 0.4069444453125 0.3875 0.3805555546875 0.39375 0.373611111328125 0.39453125 0.366666666015625 0.3890625 0.3444444453125 0.36875 0.3430555546875 0.3171875 0.3694444453125 0.3140625 0.37222222265625 0.3140625 0.3930555546875 0.31953125 0.4069444453125 0.32578125 0.4069444453125
0 0.4609375 0.4305555546875 0.46328125 0.41527777734375 0.46328125 0.401388888671875 0.45546875 0.3930555546875 0.39765625 0.3805555546875 0.3875 0.3819444453125 0.38359375 0.391666666015625 0.3828125 0.413888888671875 0.3875 0.420833333984375 0.45625 0.43472222265625 0.4609375 0.4305555546875
0 0.5984375 0.50277777734375 0.603125 0.49027777734375 0.60234375 0.466666666015625 0.534375 0.4319444453125 0.52890625 0.433333333984375 0.525 0.45277777734375 0.525 0.4680555546875 0.53359375 0.475 0.59375 0.50277777734375 0.5984375 0.50277777734375
4 0.41640625 0.5625 0.4203125 0.5375 0.3625 0.4680555546875 0.35234375 0.4680555546875 0.34765625 0.4875 0.34765625 0.498611111328125 0.3515625 0.5055555546875 0.40625 0.5694444453125 0.41640625 0.5625
4 0.4703125 0.5444444453125 0.47890625 0.466666666015625 0.4796875 0.42777777734375 0.46953125 0.423611111328125 0.4625 0.4319444453125 0.45234375 0.511111111328125 0.44921875 0.554166666015625 0.46015625 0.5694444453125 0.4671875 0.561111111328125 0.4703125 0.5444444453125
4 0.59296875 0.5875 0.60078125 0.573611111328125 0.59921875 0.551388888671875 0.54140625 0.5 0.5328125 0.495833333984375 0.52578125 0.51527777734375 0.52421875 0.52777777734375 0.52734375 0.533333333984375 0.584375 0.58472222265625 0.59296875 0.5875
3 0.403125 0.466666666015625 0.40078125 0.441666666015625 0.34921875 0.43472222265625 0.334375 0.43472222265625 0.33203125 0.438888888671875 0.33203125 0.45972222265625 0.33515625 0.463888888671875 0.39375 0.470833333984375 0.403125 0.466666666015625
3 0.46640625 0.723611111328125 0.46953125 0.70972222265625 0.44921875 0.611111111328125 0.44609375 0.604166666015625 0.4359375 0.60972222265625 0.43359375 0.620833333984375 0.45234375 0.7194444453125 0.45625 0.729166666015625 0.46640625 0.723611111328125
3 0.5265625 0.623611111328125 0.5296875 0.616666666015625 0.5296875 0.59722222265625 0.5265625 0.5930555546875 0.46796875 0.570833333984375 0.4640625 0.570833333984375 0.46171875 0.5805555546875 0.46015625 0.5944444453125 0.4640625 0.6 0.52109375 0.623611111328125 0.5265625 0.623611111328125
2 0.31796875 0.6555555546875 0.38671875 0.613888888671875 0.3890625 0.604166666015625 0.3859375 0.57777777734375 0.38046875 0.576388888671875 0.35234375 0.5930555546875 0.34140625 0.5944444453125 0.31171875 0.61527777734375 0.309375 0.6194444453125 0.31015625 0.6375 0.3140625 0.65277777734375 0.31796875 0.6555555546875