3 0.403125 0.4625 0.403125 0.441666666015625 0.4 0.436111111328125 0.3328125 0.433333333984375 0.33359375 0.45972222265625 0.39140625 0.466666666015625 0.4015625 0.466666666015625 0.403125 0.4625
3 0.5265625 0.595833333984375 0.5078125 0.5930555546875 0.4671875 0.573611111328125 0.4625 0.57777777734375 0.4609375 0.5875 0.4625 0.60277777734375 0.52421875 0.62777777734375 0.5296875 0.6194444453125 0.5265625 0.595833333984375
3 0.459375 0.72777777734375 0.4640625 0.72222222265625 0.4640625 0.7125 0.446875 0.60972222265625 0.440625 0.6055555546875 0.43125 0.61527777734375 0.43203125 0.63472222265625 0.4484375 0.723611111328125 0.45078125 0.729166666015625 0.459375 0.72777777734375
1 0.5234375 0.42222222265625 0.525 0.4055555546875 0.521875 0.4 0.4671875 0.36527777734375 0.459375 0.3680555546875 0.45625 0.383333333984375 0.46015625 0.3930555546875 0.515625 0.42777777734375 0.5234375 0.42222222265625
1 0.51171875 0.37222222265625 0.51484375 0.354166666015625 0.51328125 0.3444444453125 0.45859375 0.304166666015625 0.4515625 0.3055555546875 0.4484375 0.316666666015625 0.45 0.3305555546875 0.5046875 0.37222222265625 0.51171875 0.37222222265625
1 0.4359375 0.31527777734375 0.43828125 0.301388888671875 0.4359375 0.29027777734375 0.43046875 0.286111111328125 0.3703125 0.316666666015625 0.36875 0.32777777734375 0.371875 0.34027777734375 0.3796875 0.3430555546875 0.4359375 0.31527777734375
1 0.4296875 0.6319444453125 0.43046875 0.6125 0.4203125 0.6069444453125 0.3609375 0.625 0.3609375 0.648611111328125 0.37109375 0.65 0.4265625 0.636111111328125 0.4296875 0.6319444453125
1 0.48359375 0.691666666015625 0.48359375 0.6319444453125 0.48046875 0.616666666015625 0.4703125 0.6180555546875 0.46640625 0.675 0.465625 0.7444444453125 0.46953125 0.751388888671875 0.48046875 0.751388888671875 0.48359375 0.691666666015625
1 0.56484375 0.3375 0.56640625 0.32222222265625 0.5640625 0.3180555546875 0.55234375 0.316666666015625 0.52734375 0.4055555546875 0.52578125 0.420833333984375 0.53203125 0.4305555546875 0.5390625 0.429166666015625 0.56484375 0.3375
0 0.5984375 0.50277777734375 0.603125 0.49027777734375 0.60234375 0.466666666015625 0.57421875 0.451388888671875 0.534375 0.4319444453125 0.5296875 0.4319444453125 0.525 0.451388888671875 0.525 0.4680555546875 0.5359375 0.476388888671875 0.59296875 0.50277777734375 0.5984375 0.50277777734375
0 0.46171875 0.429166666015625 0.46328125 0.40277777734375 0.45546875 0.3930555546875 0.39765625 0.3805555546875 0.3875 0.3819444453125 0.38359375 0.391666666015625 0.3828125 0.413888888671875 0.38671875 0.420833333984375 0.453125 0.433333333984375 0.46171875 0.429166666015625
0 0.3875 0.3805555546875 0.39375 0.373611111328125 0.39453125 0.36527777734375 0.3890625 0.3444444453125 0.36953125 0.3430555546875 0.31484375 0.370833333984375 0.3140625 0.3930555546875 0.31953125 0.4069444453125 0.32578125 0.4069444453125 0.3875 0.3805555546875
2 0.45625 0.473611111328125 0.45546875 0.45972222265625 0.4484375 0.451388888671875 0.4390625 0.451388888671875 0.43515625 0.458333333984375 0.4265625 0.53472222265625 0.4203125 0.561111111328125 0.42109375 0.586111111328125 0.43359375 0.591666666015625 0.43984375 0.5875 0.45625 0.473611111328125
2 0.3875 0.5444444453125 0.36875 0.52222222265625 0.34921875 0.5694444453125 0.32734375 0.636111111328125 0.32734375 0.645833333984375 0.33359375 0.6569444453125 0.346875 0.661111111328125 0.3875 0.5444444453125
2 0.53359375 0.575 0.534375 0.56527777734375 0.5265625 0.53472222265625 0.5 0.4569444453125 0.49453125 0.454166666015625 0.4828125 0.466666666015625 0.48203125 0.476388888671875 0.51484375 0.58472222265625 0.52265625 0.586111111328125 0.53359375 0.575
4 0.59296875 0.5875 0.6 0.57777777734375 0.60078125 0.5555555546875 0.5984375 0.55 0.55 0.5069444453125 0.5328125 0.495833333984375 0.525 0.516666666015625 0.52421875 0.526388888671875 0.52890625 0.53472222265625 0.584375 0.58472222265625 0.59296875 0.5875
4 0.41875 0.558333333984375 0.421875 0.536111111328125 0.40390625 0.511111111328125 0.36484375 0.46527777734375 0.35703125 0.463888888671875 0.3515625 0.473611111328125 0.3484375 0.4944444453125 0.35546875 0.5055555546875 0.4109375 0.566666666015625 0.41875 0.558333333984375
4 0.46796875 0.558333333984375 0.4796875 0.4625 0.48125 0.429166666015625 0.47890625 0.426388888671875 0.46953125 0.423611111328125 0.46171875 0.43472222265625 0.45 0.53472222265625 0.4484375 0.55 0.45078125 0.55972222265625 0.4625 0.566666666015625 0.46796875 0.558333333984375