0 0.4609375 0.5819444453125 0.4609375 0.576388888671875 0.43046875 0.47222222265625 0.42265625 0.45972222265625 0.41171875 0.4680555546875 0.40625 0.483333333984375 0.440625 0.598611111328125 0.45390625 0.591666666015625 0.4609375 0.5819444453125
0 0.58125 0.573611111328125 0.58203125 0.558333333984375 0.57109375 0.54722222265625 0.5640625 0.54722222265625 0.54296875 0.616666666015625 0.53046875 0.66527777734375 0.5390625 0.679166666015625 0.5484375 0.6819444453125 0.58125 0.573611111328125
0 0.56484375 0.433333333984375 0.57265625 0.413888888671875 0.53125 0.30972222265625 0.52578125 0.308333333984375 0.51328125 0.326388888671875 0.51328125 0.33472222265625 0.553125 0.433333333984375 0.55625 0.4375 0.56484375 0.433333333984375
1 0.53046875 0.41527777734375 0.5328125 0.408333333984375 0.534375 0.391666666015625 0.53203125 0.3875 0.47578125 0.35 0.47265625 0.35 0.46953125 0.361111111328125 0.4703125 0.375 0.47578125 0.3805555546875 0.5265625 0.41527777734375 0.53046875 0.41527777734375
1 0.5109375 0.491666666015625 0.5171875 0.4805555546875 0.5171875 0.4694444453125 0.5109375 0.458333333984375 0.50546875 0.45972222265625 0.45859375 0.52222222265625 0.459375 0.538888888671875 0.46484375 0.554166666015625 0.46953125 0.55277777734375 0.5109375 0.491666666015625
1 0.5140625 0.538888888671875 0.52265625 0.526388888671875 0.5234375 0.516666666015625 0.51875 0.50277777734375 0.5140625 0.50277777734375 0.46484375 0.548611111328125 0.459375 0.566666666015625 0.46328125 0.5805555546875 0.46953125 0.5819444453125 0.5140625 0.538888888671875
1 0.521875 0.616666666015625 0.51875 0.601388888671875 0.51484375 0.59722222265625 0.48046875 0.61527777734375 0.45546875 0.6375 0.4546875 0.65277777734375 0.46328125 0.661111111328125 0.51875 0.626388888671875 0.521875 0.616666666015625
1 0.490625 0.704166666015625 0.49375 0.6930555546875 0.490625 0.675 0.471875 0.66527777734375 0.4625 0.666666666015625 0.4328125 0.651388888671875 0.425 0.658333333984375 0.42421875 0.676388888671875 0.43125 0.683333333984375 0.4859375 0.704166666015625 0.490625 0.704166666015625
4 0.40546875 0.573611111328125 0.41328125 0.57777777734375 0.41796875 0.573611111328125 0.425 0.5569444453125 0.41953125 0.5375 0.37578125 0.4625 0.36953125 0.45972222265625 0.36171875 0.466666666015625 0.3578125 0.4875 0.37109375 0.51527777734375 0.378125 0.52222222265625 0.40546875 0.573611111328125
4 0.51171875 0.451388888671875 0.51171875 0.44027777734375 0.5046875 0.42222222265625 0.49765625 0.420833333984375 0.44453125 0.50277777734375 0.4453125 0.5180555546875 0.45625 0.533333333984375 0.46015625 0.5180555546875 0.51171875 0.451388888671875
4 0.453125 0.636111111328125 0.496875 0.6055555546875 0.51015625 0.60277777734375 0.51640625 0.595833333984375 0.51484375 0.573611111328125 0.5109375 0.5625 0.50625 0.5625 0.4453125 0.6 0.4390625 0.611111111328125 0.43828125 0.62222222265625 0.44140625 0.6319444453125 0.4453125 0.6375 0.453125 0.636111111328125
3 0.4359375 0.62222222265625 0.4359375 0.6069444453125 0.38828125 0.551388888671875 0.37890625 0.55 0.37265625 0.570833333984375 0.38125 0.583333333984375 0.42890625 0.63472222265625 0.4359375 0.62222222265625
3 0.46796875 0.36527777734375 0.46796875 0.28472222265625 0.46484375 0.276388888671875 0.45625 0.275 0.453125 0.2819444453125 0.45 0.34027777734375 0.44921875 0.391666666015625 0.453125 0.401388888671875 0.4640625 0.4 0.46796875 0.36527777734375
2 0.5328125 0.575 0.5734375 0.473611111328125 0.57265625 0.463888888671875 0.56640625 0.45277777734375 0.55703125 0.44722222265625 0.553125 0.45277777734375 0.515625 0.5555555546875 0.51484375 0.5625 0.521875 0.573611111328125 0.5265625 0.57777777734375 0.5328125 0.575
2 0.45078125 0.4819444453125 0.45546875 0.476388888671875 0.45546875 0.4694444453125 0.44609375 0.35277777734375 0.4421875 0.341666666015625 0.42734375 0.345833333984375 0.425 0.3680555546875 0.43359375 0.47777777734375 0.4390625 0.48472222265625 0.45078125 0.4819444453125
2 0.42265625 0.441666666015625 0.425 0.43472222265625 0.4265625 0.411111111328125 0.4234375 0.40277777734375 0.359375 0.383333333984375 0.3515625 0.383333333984375 0.34765625 0.395833333984375 0.34765625 0.4180555546875 0.3515625 0.42222222265625 0.41875 0.441666666015625 0.42265625 0.441666666015625